VOICELIVE_PROJECT v1
name=Disque
bpm=120.000000
time_signature=4/4
sample_rate=48000
selected=0
track_count=2
track=1.000000,0
track=1.000000,0
